8.222904205322265625e-01,6.390479207038879395e-01,2.930149435997009277e-01,8.080902695655822754e-01,6.272525787353515625e-01,2.822611629962921143e-01,8.020700812339782715e-01,6.235608458518981934e-01,2.782170474529266357e-01,7.933691143989562988e-01,6.122091412544250488e-01,2.673713266849517822e-01,7.337624430656433105e-01,5.800247788429260254e-01,2.519147992134094238e-01,7.636499404907226562e-01,6.066026091575622559e-01,2.755667269229888916e-01,7.803171873092651367e-01,6.219673752784729004e-01,2.899663150310516357e-01,7.299329042434692383e-01,5.821540355682373047e-01,2.589305639266967773e-01,6.977179646492004395e-01,5.676318407058715820e-01,2.508578300476074219e-01,7.213862538337707520e-01,5.794889926910400391e-01,2.570617496967315674e-01,7.168833017349243164e-01,5.850188136100769043e-01,2.690099775791168213e-01,6.567561626434326172e-01,5.441483259201049805e-01,2.352024167776107788e-01,6.088854670524597168e-01,5.146749615669250488e-01,2.183827608823776245e-01,5.812349319458007812e-01,5.012867450714111328e-01,2.134961336851119995e-01,5.817863941192626953e-01,5.015471577644348145e-01,2.142314165830612183e-01,6.361678242683410645e-01,5.305603742599487305e-01,2.273746728897094727e-01,0.000000000000000000e+00,0.000000000000000000e+00,5.134375000000000000e+01,1.265625000000000000e+01,0.000000000000000000e+00,0.000000000000000000e+00,0.000000000000000000e+00,0.000000000000000000e+00,0.000000000000000000e+00,0.000000000000000000e+00,0.000000000000000000e+00,0.000000000000000000e+00,0.000000000000000000e+00,0.000000000000000000e+00,0.000000000000000000e+00,0.000000000000000000e+00,0.000000000000000000e+00,0.000000000000000000e+00,0.000000000000000000e+00,0.000000000000000000e+00,0.000000000000000000e+00,0.000000000000000000e+00,0.000000000000000000e+00,0.000000000000000000e+00,0.000000000000000000e+00,0.000000000000000000e+00,6.400000000000000000e+01,0.000000000000000000e+00,0.000000000000000000e+00,0.000000000000000000e+00,3.682812500000000000e+01,2.717187500000000000e+01
8.041993379592895508e-01,6.191487908363342285e-01,2.731465399265289307e-01,8.049958944320678711e-01,6.235147714614868164e-01,2.787838578224182129e-01,8.156881332397460938e-01,6.315876841545104980e-01,2.855239808559417725e-01,8.103879690170288086e-01,6.282635331153869629e-01,2.833487391471862793e-01,7.510437965393066406e-01,5.909009575843811035e-01,2.575980722904205322e-01,7.449618577957153320e-01,5.888789296150207520e-01,2.580727636814117432e-01,7.867052555084228516e-01,6.272370219230651855e-01,2.939950823783874512e-01,7.553632855415344238e-01,5.946387052536010742e-01,2.617797851562500000e-01,7.157784104347229004e-01,5.752758979797363281e-01,2.557445168495178223e-01,7.015169262886047363e-01,5.670803785324096680e-01,2.509190738201141357e-01,6.959574222564697266e-01,5.729018449783325195e-01,2.584251463413238525e-01,6.823230385780334473e-01,5.542435646057128906e-01,2.393077909946441650e-01,6.355862021446228027e-01,5.301463603973388672e-01,2.286155223846435547e-01,6.688122749328613281e-01,5.521593689918518066e-01,2.439645379781723022e-01,6.100492477416992188e-01,5.165441036224365234e-01,2.212166339159011841e-01,5.968139767646789551e-01,5.101100206375122070e-01,2.169427871704101562e-01,0.000000000000000000e+00,0.000000000000000000e+00,5.404687500000000000e+01,9.953125000000000000e+00,0.000000000000000000e+00,0.000000000000000000e+00,0.000000000000000000e+00,0.000000000000000000e+00,0.000000000000000000e+00,0.000000000000000000e+00,0.000000000000000000e+00,0.000000000000000000e+00,0.000000000000000000e+00,0.000000000000000000e+00,0.000000000000000000e+00,0.000000000000000000e+00,0.000000000000000000e+00,0.000000000000000000e+00,0.000000000000000000e+00,0.000000000000000000e+00,0.000000000000000000e+00,0.000000000000000000e+00,0.000000000000000000e+00,0.000000000000000000e+00,0.000000000000000000e+00,0.000000000000000000e+00,6.400000000000000000e+01,0.000000000000000000e+00,0.000000000000000000e+00,0.000000000000000000e+00,3.426562500000000000e+01,2.973437500000000000e+01
1.633426994085311890e-01,4.718753993511199951e-01,2.063117176294326782e-01,1.651349961757659912e-01,4.723349511623382568e-01,2.069244533777236938e-01,1.921879947185516357e-01,5.023897290229797363e-01,2.352942079305648804e-01,1.707876026630401611e-01,4.813421368598937988e-01,2.131283581256866455e-01,1.503983587026596069e-01,4.396300911903381348e-01,1.889710724353790283e-01,1.604321151971817017e-01,4.533706903457641602e-01,2.000923603773117065e-01,1.656251847743988037e-01,4.577211737632751465e-01,2.037688791751861572e-01,1.646294444799423218e-01,4.595287144184112549e-01,2.043049931526184082e-01,1.357537209987640381e-01,4.128072559833526611e-01,1.719057857990264893e-01,1.354473531246185303e-01,4.118115603923797607e-01,1.711704879999160767e-01,1.353860497474670410e-01,4.088551104068756104e-01,1.707568913698196411e-01,1.356617957353591919e-01,4.091308414936065674e-01,1.704198867082595825e-01,1.205883175134658813e-01,3.837172687053680420e-01,1.558672189712524414e-01,1.204504519701004028e-01,3.829820752143859863e-01,1.555608510971069336e-01,1.192709207534790039e-01,3.794741630554199219e-01,1.552544385194778442e-01,1.175705790519714355e-01,3.795047402381896973e-01,1.554689109325408936e-01,0.000000000000000000e+00,0.000000000000000000e+00,0.000000000000000000e+00,0.000000000000000000e+00,0.000000000000000000e+00,0.000000000000000000e+00,0.000000000000000000e+00,0.000000000000000000e+00,6.400000000000000000e+01,0.000000000000000000e+00,0.000000000000000000e+00,0.000000000000000000e+00,0.000000000000000000e+00,0.000000000000000000e+00,0.000000000000000000e+00,0.000000000000000000e+00,0.000000000000000000e+00,0.000000000000000000e+00,0.000000000000000000e+00,0.000000000000000000e+00,0.000000000000000000e+00,0.000000000000000000e+00,0.000000000000000000e+00,0.000000000000000000e+00,0.000000000000000000e+00,0.000000000000000000e+00,6.400000000000000000e+01,0.000000000000000000e+00,0.000000000000000000e+00,6.042187500000000000e+01,3.578125000000000000e+00,0.000000000000000000e+00
1.472426503896713257e-01,4.589160382747650146e-01,1.906867474317550659e-01,1.630363762378692627e-01,4.727179408073425293e-01,2.049484997987747192e-01,1.605548411607742310e-01,4.725494086742401123e-01,2.039373815059661865e-01,1.806376576423645020e-01,4.891086220741271973e-01,2.229170352220535278e-01,1.547796726226806641e-01,4.522674679756164551e-01,1.956037580966949463e-01,1.594058722257614136e-01,4.541058540344238281e-01,1.990352869033813477e-01,1.458180546760559082e-01,4.375160336494445801e-01,1.847431659698486328e-01,1.518842875957489014e-01,4.405338764190673828e-01,1.891855299472808838e-01,1.443628966808319092e-01,4.191339910030364990e-01,1.789370924234390259e-01,1.418811976909637451e-01,4.175101816654205322e-01,1.772979795932769775e-01,1.236673370003700256e-01,4.042442440986633301e-01,1.589921116828918457e-01,1.197917684912681580e-01,4.014103114604949951e-01,1.563572883605957031e-01,1.191636994481086731e-01,3.793055415153503418e-01,1.543353497982025146e-01,1.247243657708168030e-01,3.875164687633514404e-01,1.602637171745300293e-01,1.367032676935195923e-01,4.121181368827819824e-01,1.727331876754760742e-01,1.236213594675064087e-01,3.902737796306610107e-01,1.583488285541534424e-01,0.000000000000000000e+00,0.000000000000000000e+00,0.000000000000000000e+00,0.000000000000000000e+00,0.000000000000000000e+00,0.000000000000000000e+00,0.000000000000000000e+00,0.000000000000000000e+00,6.400000000000000000e+01,0.000000000000000000e+00,0.000000000000000000e+00,0.000000000000000000e+00,0.000000000000000000e+00,0.000000000000000000e+00,0.000000000000000000e+00,0.000000000000000000e+00,0.000000000000000000e+00,0.000000000000000000e+00,0.000000000000000000e+00,0.000000000000000000e+00,0.000000000000000000e+00,0.000000000000000000e+00,0.000000000000000000e+00,0.000000000000000000e+00,0.000000000000000000e+00,0.000000000000000000e+00,6.395312500000000000e+01,4.687500000000000000e-02,0.000000000000000000e+00,6.104687500000000000e+01,2.953125000000000000e+00,0.000000000000000000e+00
5.609837174415588379e-01,6.069241166114807129e-01,2.433058619499206543e-01,5.770375728607177734e-01,6.212623715400695801e-01,2.550091743469238281e-01,5.700369477272033691e-01,6.146141290664672852e-01,2.487592101097106934e-01,5.579046607017517090e-01,6.038757562637329102e-01,2.414676547050476074e-01,5.517307519912719727e-01,6.050553917884826660e-01,2.546107769012451172e-01,5.311421751976013184e-01,5.855857729911804199e-01,2.408549487590789795e-01,5.235748887062072754e-01,5.792284011840820312e-01,2.332263737916946411e-01,5.096354484558105469e-01,5.664064884185791016e-01,2.231161594390869141e-01,4.662383198738098145e-01,5.340688228607177734e-01,2.106316536664962769e-01,4.656867980957031250e-01,5.307139754295349121e-01,2.068479061126708984e-01,4.877759516239166260e-01,5.488205552101135254e-01,2.122092992067337036e-01,4.660084843635559082e-01,5.322152376174926758e-01,2.059440910816192627e-01,4.059446156024932861e-01,4.862134456634521484e-01,1.839769631624221802e-01,4.159016311168670654e-01,4.952513277530670166e-01,1.890475451946258545e-01,4.674788415431976318e-01,5.367184281349182129e-01,2.155333906412124634e-01,4.498779773712158203e-01,5.221198797225952148e-01,2.048563361167907715e-01,0.000000000000000000e+00,0.000000000000000000e+00,0.000000000000000000e+00,0.000000000000000000e+00,5.885937500000000000e+01,5.140625000000000000e+00,0.000000000000000000e+00,0.000000000000000000e+00,0.000000000000000000e+00,0.000000000000000000e+00,0.000000000000000000e+00,0.000000000000000000e+00,0.000000000000000000e+00,0.000000000000000000e+00,0.000000000000000000e+00,0.000000000000000000e+00,0.000000000000000000e+00,0.000000000000000000e+00,0.000000000000000000e+00,0.000000000000000000e+00,0.000000000000000000e+00,0.000000000000000000e+00,0.000000000000000000e+00,0.000000000000000000e+00,0.000000000000000000e+00,0.000000000000000000e+00,6.400000000000000000e+01,0.000000000000000000e+00,0.000000000000000000e+00,8.500000000000000000e+00,5.550000000000000000e+01,0.000000000000000000e+00
5.454966425895690918e-01,5.891393423080444336e-01,2.237136363983154297e-01,5.556681752204895020e-01,6.012563109397888184e-01,2.375614643096923828e-01,5.580731630325317383e-01,6.038757562637329102e-01,2.406098246574401855e-01,5.517312884330749512e-01,5.977483391761779785e-01,2.338390946388244629e-01,4.963082671165466309e-01,5.477176308631896973e-01,1.933061778545379639e-01,5.243716835975646973e-01,5.767158269882202148e-01,2.239126563072204590e-01,5.120707750320434570e-01,5.679996013641357422e-01,2.244182378053665161e-01,5.076591372489929199e-01,5.646142363548278809e-01,2.233306318521499634e-01,4.723809063434600830e-01,5.308976769447326660e-01,1.940412074327468872e-01,4.596819579601287842e-01,5.269302725791931152e-01,2.032633572816848755e-01,4.816178977489471436e-01,5.443781018257141113e-01,2.186277210712432861e-01,4.707265198230743408e-01,5.367034673690795898e-01,2.124850302934646606e-01,5.261026620864868164e-01,5.846353173255920410e-01,2.496628761291503906e-01,4.568170905113220215e-01,5.300089120864868164e-01,2.163450866937637329e-01,4.258741140365600586e-01,5.031709671020507812e-01,1.953589022159576416e-01,4.757048785686492920e-01,5.458485484123229980e-01,2.271907031536102295e-01,0.000000000000000000e+00,0.000000000000000000e+00,0.000000000000000000e+00,0.000000000000000000e+00,6.120312500000000000e+01,2.796875000000000000e+00,0.000000000000000000e+00,0.000000000000000000e+00,0.000000000000000000e+00,0.000000000000000000e+00,0.000000000000000000e+00,0.000000000000000000e+00,0.000000000000000000e+00,0.000000000000000000e+00,0.000000000000000000e+00,0.000000000000000000e+00,0.000000000000000000e+00,0.000000000000000000e+00,0.000000000000000000e+00,0.000000000000000000e+00,0.000000000000000000e+00,0.000000000000000000e+00,0.000000000000000000e+00,0.000000000000000000e+00,0.000000000000000000e+00,0.000000000000000000e+00,6.400000000000000000e+01,0.000000000000000000e+00,0.000000000000000000e+00,4.750000000000000000e+00,5.925000000000000000e+01,0.000000000000000000e+00
8.359851241111755371e-01,6.545196175575256348e-01,3.479628860950469971e-01,8.397381305694580078e-01,6.556991338729858398e-01,3.496785461902618408e-01,8.380837440490722656e-01,6.511495113372802734e-01,3.432140946388244629e-01,8.395849466323852539e-01,6.610606312751770020e-01,3.549940884113311768e-01,8.162240982055664062e-01,6.531714797019958496e-01,3.518076837062835693e-01,8.046281933784484863e-01,6.420503258705139160e-01,3.424788117408752441e-01,7.876401543617248535e-01,6.290295720100402832e-01,3.317864835262298584e-01,7.638505101203918457e-01,6.182605028152465820e-01,3.262258172035217285e-01,7.101110816001892090e-01,5.908093452453613281e-01,3.107846379280090332e-01,7.428330183029174805e-01,6.083951592445373535e-01,3.215995728969573975e-01,6.852640509605407715e-01,5.755977034568786621e-01,3.002145886421203613e-01,6.855551600456237793e-01,5.754292011260986328e-01,3.007813990116119385e-01,6.100036501884460449e-01,5.318475365638732910e-01,2.708793580532073975e-01,6.114741563796997070e-01,5.327053666114807129e-01,2.721202075481414795e-01,6.327517032623291016e-01,5.380209088325500488e-01,2.706955671310424805e-01,6.532629132270812988e-01,5.540288090705871582e-01,2.831648886203765869e-01,0.000000000000000000e+00,0.000000000000000000e+00,5.496875000000000000e+01,9.031250000000000000e+00,0.000000000000000000e+00,0.000000000000000000e+00,0.000000000000000000e+00,0.000000000000000000e+00,0.000000000000000000e+00,0.000000000000000000e+00,0.000000000000000000e+00,0.000000000000000000e+00,0.000000000000000000e+00,0.000000000000000000e+00,0.000000000000000000e+00,0.000000000000000000e+00,0.000000000000000000e+00,0.000000000000000000e+00,0.000000000000000000e+00,0.000000000000000000e+00,0.000000000000000000e+00,0.000000000000000000e+00,0.000000000000000000e+00,0.000000000000000000e+00,0.000000000000000000e+00,0.000000000000000000e+00,6.400000000000000000e+01,0.000000000000000000e+00,0.000000000000000000e+00,0.000000000000000000e+00,3.171875000000000000e+01,3.228125000000000000e+01
8.641101121902465820e-01,6.817867159843444824e-01,3.752915561199188232e-01,8.877618312835693359e-01,6.995561718940734863e-01,3.905341923236846924e-01,8.484236598014831543e-01,6.658400297164916992e-01,3.580578267574310303e-01,8.421890735626220703e-01,6.578131318092346191e-01,3.498470485210418701e-01,7.988838553428649902e-01,6.423873305320739746e-01,3.450527787208557129e-01,8.270393013954162598e-01,6.583188176155090332e-01,3.568325936794281006e-01,7.927104830741882324e-01,6.394461393356323242e-01,3.439340591430664062e-01,8.022998571395874023e-01,6.413610577583312988e-01,3.443323969841003418e-01,7.163459658622741699e-01,5.856927037239074707e-01,3.011337518692016602e-01,7.281725406646728516e-01,5.876687169075012207e-01,2.989890873432159424e-01,7.407643795013427734e-01,6.132664680480957031e-01,3.314034342765808105e-01,6.848045587539672852e-01,5.747705101966857910e-01,3.004443347454071045e-01,6.097126603126525879e-01,5.319854021072387695e-01,2.706189155578613281e-01,6.098198294639587402e-01,5.318168997764587402e-01,2.705117762088775635e-01,6.136953830718994141e-01,5.355240106582641602e-01,2.731311917304992676e-01,6.097277998924255371e-01,5.314798951148986816e-01,2.711398005485534668e-01,0.000000000000000000e+00,0.000000000000000000e+00,5.198437500000000000e+01,1.201562500000000000e+01,0.000000000000000000e+00,0.000000000000000000e+00,0.000000000000000000e+00,0.000000000000000000e+00,0.000000000000000000e+00,0.000000000000000000e+00,0.000000000000000000e+00,0.000000000000000000e+00,0.000000000000000000e+00,0.000000000000000000e+00,0.000000000000000000e+00,0.000000000000000000e+00,0.000000000000000000e+00,0.000000000000000000e+00,0.000000000000000000e+00,0.000000000000000000e+00,0.000000000000000000e+00,0.000000000000000000e+00,0.000000000000000000e+00,0.000000000000000000e+00,0.000000000000000000e+00,0.000000000000000000e+00,6.400000000000000000e+01,0.000000000000000000e+00,0.000000000000000000e+00,0.000000000000000000e+00,3.026562500000000000e+01,3.373437500000000000e+01
7.922357320785522461e-01,2.799472808837890625e-01,1.473801881074905396e-01,7.654282450675964355e-01,2.619638442993164062e-01,1.300091445446014404e-01,7.657806277275085449e-01,2.611825168132781982e-01,1.293810606002807617e-01,7.633449435234069824e-01,2.570772469043731689e-01,1.251991838216781616e-01,7.376241087913513184e-01,2.537223398685455322e-01,1.226562261581420898e-01,6.955428123474121094e-01,2.448377013206481934e-01,1.172488927841186523e-01,7.087013721466064453e-01,2.338237613439559937e-01,1.035082414746284485e-01,7.028190493583679199e-01,2.231467962265014648e-01,9.280046075582504272e-02,6.796423196792602539e-01,2.512255012989044189e-01,1.277726441621780396e-01,6.374853849411010742e-01,2.313115298748016357e-01,1.098194122314453125e-01,6.818326711654663086e-01,2.335019856691360474e-01,1.051471680402755737e-01,6.640171408653259277e-01,2.199298143386840820e-01,9.319854527711868286e-02,6.389253139495849609e-01,2.373163253068923950e-01,1.172335520386695862e-01,5.638179183006286621e-01,2.130519002676010132e-01,9.898925572633743286e-02,6.054850816726684570e-01,2.235144823789596558e-01,1.044426634907722473e-01,6.398597955703735352e-01,2.306068837642669678e-01,1.069701910018920898e-01,6.240625000000000000e+01,1.593750000000000000e+00,0.000000000000000000e+00,0.000000000000000000e+00,0.000000000000000000e+00,0.000000000000000000e+00,0.000000000000000000e+00,0.000000000000000000e+00,0.000000000000000000e+00,0.000000000000000000e+00,0.000000000000000000e+00,0.000000000000000000e+00,0.000000000000000000e+00,0.000000000000000000e+00,0.000000000000000000e+00,0.000000000000000000e+00,0.000000000000000000e+00,0.000000000000000000e+00,0.000000000000000000e+00,0.000000000000000000e+00,0.000000000000000000e+00,0.000000000000000000e+00,0.000000000000000000e+00,0.000000000000000000e+00,0.000000000000000000e+00,0.000000000000000000e+00,0.000000000000000000e+00,6.400000000000000000e+01,0.000000000000000000e+00,0.000000000000000000e+00,5.168750000000000000e+01,1.231250000000000000e+01
7.665618658065795898e-01,2.610753476619720459e-01,1.297640204429626465e-01,7.699012756347656250e-01,2.640778422355651855e-01,1.329656988382339478e-01,7.676188349723815918e-01,2.632199525833129883e-01,1.314950585365295410e-01,7.658265829086303711e-01,2.615349590778350830e-01,1.297947019338607788e-01,7.172035574913024902e-01,2.533701062202453613e-01,1.248927861452102661e-01,7.867515087127685547e-01,2.924481332302093506e-01,1.617801934480667114e-01,7.428327798843383789e-01,2.622853219509124756e-01,1.324907094240188599e-01,6.985911726951599121e-01,2.251228839159011841e-01,9.569563716650009155e-02,6.553163528442382812e-01,2.381588816642761230e-01,1.168046519160270691e-01,7.202672958374023438e-01,2.650889158248901367e-01,1.380821317434310913e-01,6.445165872573852539e-01,2.234990894794464111e-01,9.964782744646072388e-02,6.542592048645019531e-01,2.109225988388061523e-01,8.442106097936630249e-02,5.699453353881835938e-01,2.168355584144592285e-01,1.043354049324989319e-01,6.671884059906005859e-01,2.591297626495361328e-01,1.372088640928268433e-01,5.744491815567016602e-01,2.168202996253967285e-01,1.026963740587234497e-01,5.659624338150024414e-01,2.068172246217727661e-01,9.214182198047637939e-02,6.204687500000000000e+01,1.953125000000000000e+00,0.000000000000000000e+00,0.000000000000000000e+00,0.000000000000000000e+00,0.000000000000000000e+00,0.000000000000000000e+00,0.000000000000000000e+00,0.000000000000000000e+00,0.000000000000000000e+00,0.000000000000000000e+00,0.000000000000000000e+00,0.000000000000000000e+00,0.000000000000000000e+00,0.000000000000000000e+00,0.000000000000000000e+00,0.000000000000000000e+00,0.000000000000000000e+00,0.000000000000000000e+00,0.000000000000000000e+00,0.000000000000000000e+00,0.000000000000000000e+00,0.000000000000000000e+00,0.000000000000000000e+00,0.000000000000000000e+00,0.000000000000000000e+00,0.000000000000000000e+00,6.400000000000000000e+01,0.000000000000000000e+00,0.000000000000000000e+00,4.403125000000000000e+01,1.996875000000000000e+01
4.731774628162384033e-01,1.719669997692108154e-01,1.330422759056091309e-01,4.643540680408477783e-01,1.671110689640045166e-01,1.276041567325592041e-01,4.643847048282623291e-01,1.668353229761123657e-01,1.278645694255828857e-01,4.691640436649322510e-01,1.679229289293289185e-01,1.288602799177169800e-01,4.307760596275329590e-01,1.613053530454635620e-01,1.224571838974952698e-01,4.221668839454650879e-01,1.511795967817306519e-01,1.134039461612701416e-01,4.118728637695312500e-01,1.287224143743515015e-01,8.992049098014831543e-02,4.229635298252105713e-01,1.397517323493957520e-01,1.013635396957397461e-01,3.786926865577697754e-01,1.454810649156570435e-01,1.054689958691596985e-01,3.844831585884094238e-01,1.423713862895965576e-01,1.036307066679000854e-01,3.855555951595306396e-01,1.295343041419982910e-01,9.148292243480682373e-02,3.781106472015380859e-01,1.398744136095046997e-01,1.009499579668045044e-01,3.356927633285522461e-01,1.332414150238037109e-01,1.001381278038024902e-01,3.359838128089904785e-01,1.333486735820770264e-01,1.003219410777091980e-01,3.437809050083160400e-01,1.324601471424102783e-01,9.785564243793487549e-02,3.478250503540039062e-01,1.323375701904296875e-01,9.538932889699935913e-02,6.400000000000000000e+01,0.000000000000000000e+00,0.000000000000000000e+00,0.000000000000000000e+00,0.000000000000000000e+00,0.000000000000000000e+00,0.000000000000000000e+00,0.000000000000000000e+00,0.000000000000000000e+00,0.000000000000000000e+00,0.000000000000000000e+00,0.000000000000000000e+00,0.000000000000000000e+00,0.000000000000000000e+00,0.000000000000000000e+00,0.000000000000000000e+00,0.000000000000000000e+00,0.000000000000000000e+00,0.000000000000000000e+00,0.000000000000000000e+00,0.000000000000000000e+00,0.000000000000000000e+00,0.000000000000000000e+00,0.000000000000000000e+00,0.000000000000000000e+00,0.000000000000000000e+00,5.245312500000000000e+01,1.154687500000000000e+01,0.000000000000000000e+00,6.400000000000000000e+01,0.000000000000000000e+00,0.000000000000000000e+00
4.647829830646514893e-01,1.671570241451263428e-01,1.283394694328308105e-01,4.644153416156768799e-01,1.647213548421859741e-01,1.261488944292068481e-01,4.645378887653350830e-01,1.649051755666732788e-01,1.260416656732559204e-01,4.639251530170440674e-01,1.674021184444427490e-01,1.274969130754470825e-01,4.284933805465698242e-01,1.581649780273437500e-01,1.207721233367919922e-01,4.252918064594268799e-01,1.572152525186538696e-01,1.182905435562133789e-01,4.236527383327484131e-01,1.560663729906082153e-01,1.174020692706108093e-01,4.303009212017059326e-01,1.560816913843154907e-01,1.172182559967041016e-01,3.825837373733520508e-01,1.467372030019760132e-01,1.065412983298301697e-01,3.838243782520294189e-01,1.476869136095046997e-01,1.079199463129043579e-01,4.028499126434326172e-01,1.587316691875457764e-01,1.194393709301948547e-01,3.895995318889617920e-01,1.469823271036148071e-01,1.070467904210090637e-01,3.356008529663085938e-01,1.333333104848861694e-01,9.955600649118423462e-02,3.481161296367645264e-01,1.209865882992744446e-01,8.403807878494262695e-02,3.666363060474395752e-01,1.426624804735183716e-01,1.064799204468727112e-01,3.770684897899627686e-01,1.408240944147109985e-01,1.023285090923309326e-01,6.400000000000000000e+01,0.000000000000000000e+00,0.000000000000000000e+00,0.000000000000000000e+00,0.000000000000000000e+00,0.000000000000000000e+00,0.000000000000000000e+00,0.000000000000000000e+00,0.000000000000000000e+00,0.000000000000000000e+00,0.000000000000000000e+00,0.000000000000000000e+00,0.000000000000000000e+00,0.000000000000000000e+00,0.000000000000000000e+00,0.000000000000000000e+00,0.000000000000000000e+00,0.000000000000000000e+00,0.000000000000000000e+00,0.000000000000000000e+00,0.000000000000000000e+00,0.000000000000000000e+00,0.000000000000000000e+00,0.000000000000000000e+00,0.000000000000000000e+00,0.000000000000000000e+00,5.973437500000000000e+01,4.265625000000000000e+00,0.000000000000000000e+00,6.400000000000000000e+01,0.000000000000000000e+00,0.000000000000000000e+00
9.104026556015014648e-01,9.023450613021850586e-01,8.394165039062500000e-01,9.133131504058837891e-01,9.071397185325622559e-01,8.454366326332092285e-01,9.137420654296875000e-01,9.081047773361206055e-01,8.461718559265136719e-01,9.261346459388732910e-01,9.190574288368225098e-01,8.567569255828857422e-01,8.341928720474243164e-01,8.482857942581176758e-01,7.799654603004455566e-01,8.368582725524902344e-01,8.526362180709838867e-01,7.834580540657043457e-01,8.564046025276184082e-01,8.681691288948059082e-01,8.029736876487731934e-01,9.073846340179443359e-01,9.126694798469543457e-01,8.545203804969787598e-01,7.592996954917907715e-01,7.973059415817260742e-01,7.221204042434692383e-01,8.018859028816223145e-01,8.293980956077575684e-01,7.572472095489501953e-01,8.293216824531555176e-01,8.479488492012023926e-01,7.794753313064575195e-01,8.088258504867553711e-01,8.368434906005859375e-01,7.690271735191345215e-01,7.146161198616027832e-01,7.664234042167663574e-01,6.865818500518798828e-01,7.847908139228820801e-01,8.179858922958374023e-01,7.461723685264587402e-01,7.321553230285644531e-01,7.837326526641845703e-01,7.065270543098449707e-01,6.647526621818542480e-01,7.337471842765808105e-01,6.491122841835021973e-01,0.000000000000000000e+00,0.000000000000000000e+00,6.562500000000000000e-01,1.529687500000000000e+01,1.946875000000000000e+01,1.342187500000000000e+01,8.828125000000000000e+00,6.046875000000000000e+00,2.812500000000000000e-01,0.000000000000000000e+00,0.000000000000000000e+00,0.000000000000000000e+00,0.000000000000000000e+00,0.000000000000000000e+00,0.000000000000000000e+00,0.000000000000000000e+00,0.000000000000000000e+00,0.000000000000000000e+00,0.000000000000000000e+00,0.000000000000000000e+00,0.000000000000000000e+00,0.000000000000000000e+00,0.000000000000000000e+00,0.000000000000000000e+00,6.400000000000000000e+01,0.000000000000000000e+00,0.000000000000000000e+00,0.000000000000000000e+00,0.000000000000000000e+00,0.000000000000000000e+00,6.984375000000000000e+00,5.701562500000000000e+01
9.090240001678466797e-01,8.976269960403442383e-01,8.365826010704040527e-01,9.191340804100036621e-01,9.073848128318786621e-01,8.466160893440246582e-01,9.136654734611511230e-01,9.091617465019226074e-01,8.465548157691955566e-01,9.120262861251831055e-01,9.051482677459716797e-01,8.429856300354003906e-01,8.339938521385192871e-01,8.471676111221313477e-01,7.784948945045471191e-01,8.411784172058105469e-01,8.538160324096679688e-01,7.864606380462646484e-01,8.316347002983093262e-01,8.485308885574340820e-01,7.796590924263000488e-01,8.316347002983093262e-01,8.490210771560668945e-01,7.795671820640563965e-01,7.481172084808349609e-01,7.904739975929260254e-01,7.136493325233459473e-01,7.487146854400634766e-01,7.911633253097534180e-01,7.140169739723205566e-01,7.532337903976440430e-01,7.931240797042846680e-01,7.172644138336181641e-01,7.479180693626403809e-01,7.904893159866333008e-01,7.134807705879211426e-01,6.765788197517395020e-01,7.425556182861328125e-01,6.584565043449401855e-01,7.640800476074218750e-01,8.017328381538391113e-01,7.266399264335632324e-01,7.477812170982360840e-01,7.880994677543640137e-01,7.118110656738281250e-01,6.617042422294616699e-01,7.322306632995605469e-01,6.464774608612060547e-01,0.000000000000000000e+00,0.000000000000000000e+00,1.625000000000000000e+00,1.393750000000000000e+01,1.162500000000000000e+01,1.595312500000000000e+01,1.456250000000000000e+01,6.140625000000000000e+00,1.562500000000000000e-01,0.000000000000000000e+00,0.000000000000000000e+00,0.000000000000000000e+00,0.000000000000000000e+00,0.000000000000000000e+00,0.000000000000000000e+00,0.000000000000000000e+00,0.000000000000000000e+00,0.000000000000000000e+00,0.000000000000000000e+00,0.000000000000000000e+00,0.000000000000000000e+00,0.000000000000000000e+00,0.000000000000000000e+00,0.000000000000000000e+00,6.400000000000000000e+01,0.000000000000000000e+00,0.000000000000000000e+00,0.000000000000000000e+00,0.000000000000000000e+00,0.000000000000000000e+00,6.359375000000000000e+00,5.764062500000000000e+01
6.531410217285156250e-01,1.668659746646881104e-01,1.450521498918533325e-01,6.558830142021179199e-01,1.670804321765899658e-01,1.448070555925369263e-01,6.563578844070434570e-01,1.639095097780227661e-01,1.411306262016296387e-01,7.053465247154235840e-01,2.097582519054412842e-01,1.866731792688369751e-01,5.922183394432067871e-01,1.553157418966293335e-01,1.379596143960952759e-01,5.977180600166320801e-01,1.557752937078475952e-01,1.372243165969848633e-01,6.033707857131958008e-01,1.554842293262481689e-01,1.350183933973312378e-01,6.452214121818542480e-01,1.837628632783889771e-01,1.644762754440307617e-01,5.852634906768798828e-01,1.652268618345260620e-01,1.454962342977523804e-01,5.679993629455566406e-01,1.583334654569625854e-01,1.383575797080993652e-01,5.330576896667480469e-01,1.449142843484878540e-01,1.240196377038955688e-01,5.530793070793151855e-01,1.447304785251617432e-01,1.240502670407295227e-01,4.716456532478332520e-01,1.341912299394607544e-01,1.104015409946441650e-01,5.100336670875549316e-01,1.444853395223617554e-01,1.234681308269500732e-01,5.297180414199829102e-01,1.504749804735183716e-01,1.296415030956268311e-01,5.171414017677307129e-01,1.293810606002807617e-01,1.098347604274749756e-01,6.400000000000000000e+01,0.000000000000000000e+00,0.000000000000000000e+00,0.000000000000000000e+00,0.000000000000000000e+00,0.000000000000000000e+00,0.000000000000000000e+00,0.000000000000000000e+00,0.000000000000000000e+00,0.000000000000000000e+00,0.000000000000000000e+00,0.000000000000000000e+00,0.000000000000000000e+00,0.000000000000000000e+00,0.000000000000000000e+00,0.000000000000000000e+00,0.000000000000000000e+00,0.000000000000000000e+00,0.000000000000000000e+00,0.000000000000000000e+00,0.000000000000000000e+00,0.000000000000000000e+00,0.000000000000000000e+00,0.000000000000000000e+00,0.000000000000000000e+00,0.000000000000000000e+00,1.398437500000000000e+01,5.001562500000000000e+01,0.000000000000000000e+00,8.281250000000000000e+00,5.571875000000000000e+01,0.000000000000000000e+00
6.530031561851501465e-01,1.672489345073699951e-01,1.449295878410339355e-01,6.519308090209960938e-01,1.649051606655120850e-01,1.452819108963012695e-01,6.441949009895324707e-01,1.568780988454818726e-01,1.357996314764022827e-01,6.528345942497253418e-01,1.670651137828826904e-01,1.465993225574493408e-01,5.922949314117431641e-01,1.558519005775451660e-01,1.380668431520462036e-01,6.173564791679382324e-01,1.599266231060028076e-01,1.417739540338516235e-01,6.298715472221374512e-01,1.718138605356216431e-01,1.530790030956268311e-01,6.013328433036804199e-01,1.545651406049728394e-01,1.361673325300216675e-01,5.527266263961791992e-01,1.390625685453414917e-01,1.195313408970832825e-01,5.417280793190002441e-01,1.434436887502670288e-01,1.231005340814590454e-01,5.434896945953369141e-01,1.509958356618881226e-01,1.299019157886505127e-01,5.562344193458557129e-01,1.445313096046447754e-01,1.251072436571121216e-01,4.881436526775360107e-01,1.369026154279708862e-01,1.150736734271049500e-01,5.022518634796142578e-01,1.317861527204513550e-01,1.109070554375648499e-01,4.726107120513916016e-01,1.328431218862533569e-01,1.112900152802467346e-01,4.721358418464660645e-01,1.339307576417922974e-01,1.107691824436187744e-01,6.398437500000000000e+01,0.000000000000000000e+00,0.000000000000000000e+00,0.000000000000000000e+00,0.000000000000000000e+00,0.000000000000000000e+00,0.000000000000000000e+00,0.000000000000000000e+00,0.000000000000000000e+00,0.000000000000000000e+00,0.000000000000000000e+00,0.000000000000000000e+00,0.000000000000000000e+00,0.000000000000000000e+00,0.000000000000000000e+00,0.000000000000000000e+00,0.000000000000000000e+00,0.000000000000000000e+00,0.000000000000000000e+00,0.000000000000000000e+00,0.000000000000000000e+00,0.000000000000000000e+00,0.000000000000000000e+00,1.562500000000000000e-02,0.000000000000000000e+00,0.000000000000000000e+00,3.953125000000000000e+00,6.004687500000000000e+01,0.000000000000000000e+00,1.300000000000000000e+01,5.100000000000000000e+01,0.000000000000000000e+00
3.525277972221374512e-01,2.170500606298446655e-01,1.389400064945220947e-01,3.575829267501831055e-01,2.208949625492095947e-01,1.424326300621032715e-01,3.686432242393493652e-01,2.307447046041488647e-01,1.515624821186065674e-01,3.552085757255554199e-01,2.193171679973602295e-01,1.408548504114151001e-01,3.263790011405944824e-01,1.962626427412033081e-01,1.193628385663032532e-01,3.250463008880615234e-01,2.032325863838195801e-01,1.261795163154602051e-01,3.310972452163696289e-01,2.082725763320922852e-01,1.318168193101882935e-01,3.206805288791656494e-01,2.021604329347610474e-01,1.277573704719543457e-01,2.998469769954681396e-01,1.929997354745864868e-01,1.231618002057075500e-01,3.004749119281768799e-01,1.951596140861511230e-01,1.251225471496582031e-01,2.966606318950653076e-01,1.912992447614669800e-01,1.241421699523925781e-01,2.890013754367828369e-01,1.866425275802612305e-01,1.198683381080627441e-01,2.593748569488525391e-01,1.783549487590789795e-01,1.125155314803123474e-01,3.129442036151885986e-01,2.129599004983901978e-01,1.437651365995407104e-01,2.935656309127807617e-01,2.007662504911422729e-01,1.329961866140365601e-01,2.534925937652587891e-01,1.739431470632553101e-01,1.086399182677268982e-01,0.000000000000000000e+00,6.371875000000000000e+01,2.812500000000000000e-01,0.000000000000000000e+00,0.000000000000000000e+00,0.000000000000000000e+00,0.000000000000000000e+00,0.000000000000000000e+00,0.000000000000000000e+00,0.000000000000000000e+00,0.000000000000000000e+00,0.000000000000000000e+00,0.000000000000000000e+00,0.000000000000000000e+00,0.000000000000000000e+00,0.000000000000000000e+00,0.000000000000000000e+00,0.000000000000000000e+00,0.000000000000000000e+00,0.000000000000000000e+00,0.000000000000000000e+00,0.000000000000000000e+00,0.000000000000000000e+00,0.000000000000000000e+00,0.000000000000000000e+00,1.562500000000000000e-01,6.384375000000000000e+01,0.000000000000000000e+00,4.062500000000000000e+00,5.993750000000000000e+01,0.000000000000000000e+00,0.000000000000000000e+00
3.519916534423828125e-01,2.172338664531707764e-01,1.386336535215377808e-01,3.616119623184204102e-01,2.250615805387496948e-01,1.462929099798202515e-01,3.743114471435546875e-01,2.356006354093551636e-01,1.572150886058807373e-01,3.394457995891571045e-01,2.001994550228118896e-01,1.218904405832290649e-01,3.200524747371673584e-01,2.018080949783325195e-01,1.254442483186721802e-01,3.222277760505676270e-01,2.010269612073898315e-01,1.236061081290245056e-01,3.397215306758880615e-01,2.158399522304534912e-01,1.391085982322692871e-01,3.104168772697448730e-01,1.865503191947937012e-01,1.097427979111671448e-01,2.884958386421203613e-01,1.871633231639862061e-01,1.196845099329948425e-01,2.887409627437591553e-01,1.855242699384689331e-01,1.170956566929817200e-01,3.335634469985961914e-01,2.166211009025573730e-01,1.405943930149078369e-01,2.952667474746704102e-01,1.869181245565414429e-01,1.166054978966712952e-01,3.194549679756164551e-01,2.148441523313522339e-01,1.461090892553329468e-01,2.616113722324371338e-01,1.788604557514190674e-01,1.120559051632881165e-01,2.721045911312103271e-01,1.776043027639389038e-01,1.097734570503234863e-01,2.941481769084930420e-01,1.998930126428604126e-01,1.322150975465774536e-01,0.000000000000000000e+00,6.370312500000000000e+01,2.968750000000000000e-01,0.000000000000000000e+00,0.000000000000000000e+00,0.000000000000000000e+00,0.000000000000000000e+00,0.000000000000000000e+00,0.000000000000000000e+00,0.000000000000000000e+00,0.000000000000000000e+00,0.000000000000000000e+00,0.000000000000000000e+00,0.000000000000000000e+00,0.000000000000000000e+00,0.000000000000000000e+00,0.000000000000000000e+00,0.000000000000000000e+00,0.000000000000000000e+00,0.000000000000000000e+00,0.000000000000000000e+00,0.000000000000000000e+00,0.000000000000000000e+00,0.000000000000000000e+00,0.000000000000000000e+00,1.406250000000000000e-01,6.385937500000000000e+01,0.000000000000000000e+00,2.203125000000000000e+00,6.179687500000000000e+01,0.000000000000000000e+00,0.000000000000000000e+00
3.657176494598388672e-01,6.369183063507080078e-01,2.909775674343109131e-01,3.676476776599884033e-01,6.385270953178405762e-01,2.939800620079040527e-01,3.521601557731628418e-01,6.236987709999084473e-01,2.797488868236541748e-01,3.521142005920410156e-01,6.233463287353515625e-01,2.793199717998504639e-01,3.199452459812164307e-01,5.837165117263793945e-01,2.596659362316131592e-01,3.195163011550903320e-01,5.829965472221374512e-01,2.588233947753906250e-01,3.337012231349945068e-01,5.989890694618225098e-01,2.719362378120422363e-01,3.213851749897003174e-01,5.851104855537414551e-01,2.604931592941284180e-01,2.874388694763183594e-01,5.424479842185974121e-01,2.352024167776107788e-01,2.881435155868530273e-01,5.457108616828918457e-01,2.325982898473739624e-01,3.180764615535736084e-01,5.801013708114624023e-01,2.592829167842864990e-01,2.930762171745300293e-01,5.495865941047668457e-01,2.390780001878738403e-01,2.549478113651275635e-01,5.029564499855041504e-01,2.118570804595947266e-01,2.588847279548645020e-01,5.143535733222961426e-01,2.064955681562423706e-01,2.680913507938385010e-01,5.268688797950744629e-01,2.143539488315582275e-01,2.707261145114898682e-01,5.267310142517089844e-01,2.193478047847747803e-01,0.000000000000000000e+00,0.000000000000000000e+00,0.000000000000000000e+00,0.000000000000000000e+00,0.000000000000000000e+00,0.000000000000000000e+00,1.468750000000000000e+00,6.253125000000000000e+01,0.000000000000000000e+00,0.000000000000000000e+00,0.000000000000000000e+00,0.000000000000000000e+00,0.000000000000000000e+00,0.000000000000000000e+00,0.000000000000000000e+00,0.000000000000000000e+00,0.000000000000000000e+00,0.000000000000000000e+00,0.000000000000000000e+00,0.000000000000000000e+00,0.000000000000000000e+00,0.000000000000000000e+00,0.000000000000000000e+00,0.000000000000000000e+00,0.000000000000000000e+00,1.562500000000000000e-02,6.398437500000000000e+01,0.000000000000000000e+00,0.000000000000000000e+00,2.328125000000000000e+00,6.167187500000000000e+01,0.000000000000000000e+00
3.781109452247619629e-01,6.499394178390502930e-01,3.027270436286926270e-01,3.627764582633972168e-01,6.340540647506713867e-01,2.891086935997009277e-01,3.587164878845214844e-01,6.314651966094970703e-01,2.826747000217437744e-01,3.653651475906372070e-01,6.373628377914428711e-01,2.911918759346008301e-01,3.189188838005065918e-01,5.827820897102355957e-01,2.598804235458374023e-01,3.174176812171936035e-01,5.814953446388244629e-01,2.559741437435150146e-01,3.132969439029693604e-01,5.801473259925842285e-01,2.459559589624404907e-01,3.252608180046081543e-01,5.893079638481140137e-01,2.621322870254516602e-01,2.885724306106567383e-01,5.418352484703063965e-01,2.350492328405380249e-01,2.875920534133911133e-01,5.419884920120239258e-01,2.350032776594161987e-01,2.899970412254333496e-01,5.466606616973876953e-01,2.359376996755599976e-01,2.928462922573089600e-01,5.475491285324096680e-01,2.389401048421859741e-01,2.867492437362670898e-01,5.430451035499572754e-01,2.322765141725540161e-01,2.757502496242523193e-01,5.265160202980041504e-01,2.272673994302749634e-01,2.853088974952697754e-01,5.363501906394958496e-01,2.369640469551086426e-01,2.770521938800811768e-01,5.280324816703796387e-01,2.291822880506515503e-01,0.000000000000000000e+00,0.000000000000000000e+00,0.000000000000000000e+00,0.000000000000000000e+00,0.000000000000000000e+00,0.000000000000000000e+00,1.562500000000000000e+00,6.243750000000000000e+01,0.000000000000000000e+00,0.000000000000000000e+00,0.000000000000000000e+00,0.000000000000000000e+00,0.000000000000000000e+00,0.000000000000000000e+00,0.000000000000000000e+00,0.000000000000000000e+00,0.000000000000000000e+00,0.000000000000000000e+00,0.000000000000000000e+00,0.000000000000000000e+00,0.000000000000000000e+00,0.000000000000000000e+00,0.000000000000000000e+00,0.000000000000000000e+00,0.000000000000000000e+00,0.000000000000000000e+00,6.400000000000000000e+01,0.000000000000000000e+00,0.000000000000000000e+00,3.421875000000000000e+00,6.057812500000000000e+01,0.000000000000000000e+00
